20
26.53,26.53,-26.53
16.40,0.00,-42.92
-26.53,26.53,-26.53
0.00,42.92,-16.40
-16.40,0.00,-42.92
42.92,16.40,0.00
26.53,-26.53,-26.53
42.92,-16.40,0.00
26.53,26.53,26.53
0.00,42.92,16.40
-26.53,-26.53,-26.53
0.00,-42.92,-16.40
26.53,-26.53,26.53
16.40,0.00,42.92
-26.53,26.53,26.53
-42.92,16.40,0.00
-42.92,-16.40,0.00
-16.40,0.00,42.92
0.00,-42.92,16.40
-26.53,-26.53,26.53
60
12,7
12,13
5,7
8,9
9,8
0,5
9,14
1,0
19,18
1,6
15,2
13,8
16,10
13,17
15,14
6,11
16,19
4,2
3,0
18,19
14,9
3,9
5,0
12,18
14,15
17,14
8,5
0,1
2,4
10,11
11,10
19,17
6,1
6,7
15,16
7,6
7,12
18,12
16,15
3,2
4,1
4,10
9,3
14,17
5,8
10,4
17,13
17,19
19,16
1,4
11,6
2,3
8,13
10,16
0,3
13,12
11,18
2,15
7,5
18,11
